1000
40
94
74
5
1
32
50
64
30
50
87
46
97
35
10
60
45
97
48
69
11
4
17
65
57
44
86
27
97
7
12
37
1
85
41
2
16
90
66
46
40
52
92
36
87
2
96
32
98
43
100
8
47
17
73
4
61
58
31
58
65
42
94
65
26
35
66
42
24
31
88
64
83
79
100
70
80
96
1
77
38
100
85
85
17
57
89
77
15
19
35
79
60
28
44
86
62
10
27
86
41
15
50
23
93
49
92
72
44
92
49
82
92
33
67
9
90
55
86
4
73
20
83
33
48
27
18
9
36
45
95
76
59
44
99
52
93
91
23
36
83
72
18
74
5
84
83
94
38
68
98
11
88
81
44
35
7
62
44
42
6
38
17
65
82
16
16
75
6
39
10
88
11
28
62
15
11
44
8
49
12
6
60
99
86
3
33
92
64
76
34
70
14
51
35
96
66
51
70
71
90
80
59
100
7
20
14
18
64
22
67
75
27
26
73
13
29
6
5
93
82
38
62
96
88
97
92
54
47
61
25
36
41
83
36
48
3
49
65
66
70
32
41
97
57
13
9
85
19
13
77
100
51
39
96
39
36
87
92
83
47
16
18
88
99
54
35
1
2
100
67
72
31
7
69
88
20
77
73
38
90
50
38
41
88
33
79
24
19
70
6
66
86
24
53
84
77
88
85
79
87
51
50
18
57
18
5
77
95
77
15
85
26
52
25
14
85
3
38
4
72
43
69
57
66
22
41
42
10
25
20
97
76
70
14
33
88
19
9
82
96
23
66
22
75
91
36
59
93
73
62
65
15
31
22
81
53
62
22
62
87
42
58
62
12
72
94
99
91
2
81
86
25
47
7
99
37
42
58
29
15
20
94
29
51
15
9
4
77
31
65
63
73
23
24
84
95
18
83
85
20
63
71
44
9
77
43
46
19
1
74
33
21
68
62
71
82
71
74
58
1
39
21
74
62
45
57
56
62
40
41
81
2
11
25
11
88
68
56
7
68
30
39
88
97
1
59
79
71
33
37
71
72
57
44
33
1
1
89
62
40
29
43
42
40
67
53
27
35
8
34
2
38
73
90
35
73
49
13
43
81
49
14
53
6
58
85
6
59
73
68
99
2
11
40
41
78
92
68
12
100
1
14
38
74
3
72
46
52
84
88
33
33
2
85
38
59
69
44
17
42
12
16
43
22
55
84
99
47
52
10
47
53
23
84
26
26
55
71
77
39
59
9
72
61
93
10
19
62
53
36
3
64
51
46
86
6
29
84
53
81
94
99
33
16
83
59
42
38
30
18
77
89
27
48
49
20
57
67
81
10
3
84
74
54
29
59
59
58
43
12
38
36
10
71
52
93
30
93
30
59
11
6
47
37
54
95
57
11
62
37
20
65
21
94
18
49
53
77
7
95
88
45
31
97
16
83
89
45
75
19
3
86
24
50
23
77
44
79
88
6
16
8
70
36
1
87
85
54
63
91
49
50
35
79
47
50
61
36
95
36
54
98
21
78
47
44
55
91
22
42
96
37
49
65
73
50
52
57
3
15
48
51
64
83
30
11
33
91
46
27
27
100
24
48
77
70
91
32
60
13
73
56
50
22
21
22
71
72
79
74
86
26
24
50
8
54
61
40
45
7
66
71
6
90
19
83
60
9
14
19
22
87
75
71
8
95
92
79
67
70
52
53
95
76
3
3
29
63
42
74
70
8
44
76
97
63
58
57
72
72
75
93
59
50
63
67
45
55
45
11
24
96
64
19
71
66
21
100
29
63
73
98
71
17
73
68
79
31
24
51
3
99
43
62
48
6
28
92
60
72
3
83
68
66
2
39
32
22
38
60
85
11
58
55
27
31
23
6
62
46
56
65
44
98
26
92
4
53
83
63
25
86
45
93
51
47
31
82
69
68
42
53
79
100
8
5
30
30
10
91
75
66
56
19
64
81
10
67
34
92
29
59
78
74
51
28
20
81
10
88
49
51
41
27
50
49
32
80
78
42
71
53
7
26
71
70
6
80
37
40
72
65
98
49
39
48
77
59
29
86
47
77
37
87
4
87
35
35
67
13
76
37
65
82
62
36
52
68
16
88
8
87
53
5
36
91
52
12
50
80
98
96
57
35
82
60
21
17
94
87
30
69
24
94
51
85
30
2
53
45
90
60
31
43
65
67
34
17
79
83
96
76
78
53
10
60
12
31
76
6
17
6
74
40
99
25
25
28
27
78
73
17
38
3
59
2
70
92
18
48
75
14
23
52
67
33
11
78
63